# ell, xi
0.000000000000000000e+00 1.000000000000000000e+00
1.000000000000000000e+00 9.999980000020000093e-01
2.000000000000000000e+00 9.999920000319999502e-01
3.000000000000000000e+00 9.999820001619990073e-01
4.000000000000000000e+00 9.999680005119945259e-01
5.000000000000000000e+00 9.999500012499791257e-01
6.000000000000000000e+00 9.999280025919378145e-01
7.000000000000000000e+00 9.999020048018431028e-01
8.000000000000000000e+00 9.998720081916504521e-01
9.000000000000000000e+00 9.998380131212913913e-01
1.000000000000000000e+01 9.998000199986667447e-01
1.100000000000000000e+01 9.997580292796380830e-01
1.200000000000000000e+01 9.997120414680189526e-01
1.300000000000000000e+01 9.996620571155647728e-01
1.400000000000000000e+01 9.996080768219616219e-01
1.500000000000000000e+01 9.995501012348142478e-01
1.600000000000000000e+01 9.994881310496331883e-01
1.700000000000000000e+01 9.994221670098212273e-01
1.800000000000000000e+01 9.993522099066577402e-01
1.900000000000000000e+01 9.992782605792834838e-01
2.000000000000000000e+01 9.992003199146837211e-01
2.100000000000000000e+01 9.991183888476703467e-01
2.200000000000000000e+01 9.990324683608633460e-01
2.300000000000000000e+01 9.989425594846710332e-01
2.400000000000000000e+01 9.988486632972694013e-01
2.500000000000000000e+01 9.987507809245809165e-01
2.600000000000000000e+01 9.986489135402514261e-01
2.700000000000000000e+01 9.985430623656276206e-01
2.800000000000000000e+01 9.984332286697313874e-01
2.900000000000000000e+01 9.983194137692356085e-01
3.000000000000000000e+01 9.982016190284372925e-01
3.100000000000000000e+01 9.980798458592301525e-01
3.200000000000000000e+01 9.979540957210769614e-01
3.300000000000000000e+01 9.978243701209799088e-01
3.400000000000000000e+01 9.976906706134507363e-01
3.500000000000000000e+01 9.975529988004796511e-01
3.600000000000000000e+01 9.974113563315033515e-01
3.700000000000000000e+01 9.972657449033718313e-01
3.800000000000000000e+01 9.971161662603149622e-01
3.900000000000000000e+01 9.969626221939075217e-01
4.000000000000000000e+01 9.968051145430328885e-01
4.100000000000000000e+01 9.966436451938474050e-01
4.200000000000000000e+01 9.964782160797415189e-01
4.300000000000000000e+01 9.963088291813022579e-01
4.400000000000000000e+01 9.961354865262730396e-01
4.500000000000000000e+01 9.959581901895134814e-01
4.600000000000000000e+01 9.957769422929578784e-01
4.700000000000000000e+01 9.955917450055730145e-01
4.800000000000000000e+01 9.954026005433149749e-01
4.900000000000000000e+01 9.952095111690844043e-01
5.000000000000000000e+01 9.950124791926823198e-01
5.100000000000000000e+01 9.948115069707631486e-01
5.200000000000000000e+01 9.946065969067884316e-01
5.300000000000000000e+01 9.943977514509784177e-01
5.400000000000000000e+01 9.941849731002634361e-01
5.500000000000000000e+01 9.939682643982342691e-01
5.600000000000000000e+01 9.937476279350914155e-01
5.700000000000000000e+01 9.935230663475933532e-01
5.800000000000000000e+01 9.932945823190039158e-01
5.900000000000000000e+01 9.930621785790393341e-01
6.000000000000000000e+01 9.928258579038133913e-01
6.100000000000000000e+01 9.925856231157823562e-01
6.200000000000000000e+01 9.923414770836891385e-01
6.300000000000000000e+01 9.920934227225052249e-01
6.400000000000000000e+01 9.918414629933739457e-01
6.500000000000000000e+01 9.915856009035505236e-01
6.600000000000000000e+01 9.913258395063427875e-01
6.700000000000000000e+01 9.910621819010502209e-01
6.800000000000000000e+01 9.907946312329024563e-01
6.900000000000000000e+01 9.905231906929968799e-01
7.000000000000000000e+01 9.902478635182346833e-01
7.100000000000000000e+01 9.899686529912571364e-01
7.200000000000000000e+01 9.896855624403800844e-01
7.300000000000000000e+01 9.893985952395276673e-01
7.400000000000000000e+01 9.891077548081655957e-01
7.500000000000000000e+01 9.888130446112330940e-01
7.600000000000000000e+01 9.885144681590740667e-01
7.700000000000000000e+01 9.882120290073674873e-01
7.800000000000000000e+01 9.879057307570568991e-01
7.900000000000000000e+01 9.875955770542789169e-01
8.000000000000000000e+01 9.872815715902905076e-01
8.100000000000000000e+01 9.869637181013964922e-01
8.200000000000000000e+01 9.866420203688749391e-01
8.300000000000000000e+01 9.863164822189022241e-01
8.400000000000000000e+01 9.859871075224773129e-01
8.500000000000000000e+01 9.856539001953452672e-01
8.600000000000000000e+01 9.853168641979191955e-01
8.700000000000000000e+01 9.849760035352018717e-01
8.800000000000000000e+01 9.846313222567069090e-01
8.900000000000000000e+01 9.842828244563780471e-01
9.000000000000000000e+01 9.839305142725083275e-01
9.100000000000000000e+01 9.835743958876582704e-01
9.200000000000000000e+01 9.832144735285729409e-01
9.300000000000000000e+01 9.828507514660983491e-01
9.400000000000000000e+01 9.824832340150972954e-01
9.500000000000000000e+01 9.821119255343636611e-01
9.600000000000000000e+01 9.817368304265363665e-01
9.700000000000000000e+01 9.813579531380126619e-01
9.800000000000000000e+01 9.809752981588599763e-01
9.900000000000000000e+01 9.805888700227270993e-01
1.000000000000000000e+02 9.801986733067552526e-01
1.010000000000000000e+02 9.798047126314871624e-01
1.020000000000000000e+02 9.794069926607760213e-01
1.030000000000000000e+02 9.790055181016937835e-01
1.040000000000000000e+02 9.786002937044376848e-01
1.050000000000000000e+02 9.781913242622374272e-01
1.060000000000000000e+02 9.777786146112598109e-01
1.070000000000000000e+02 9.773621696305142548e-01
1.080000000000000000e+02 9.769419942417558733e-01
1.090000000000000000e+02 9.765180934093893317e-01
1.100000000000000000e+02 9.760904721403702577e-01
1.110000000000000000e+02 9.756591354841075425e-01
1.120000000000000000e+02 9.752240885323634201e-01
1.130000000000000000e+02 9.747853364191532144e-01
1.140000000000000000e+02 9.743428843206449752e-01
1.150000000000000000e+02 9.738967374550571154e-01
1.160000000000000000e+02 9.734469010825562707e-01
1.170000000000000000e+02 9.729933805051533824e-01
1.180000000000000000e+02 9.725361810666002249e-01
1.190000000000000000e+02 9.720753081522842676e-01
1.200000000000000000e+02 9.716107671891227593e-01
1.210000000000000000e+02 9.711425636454561472e-01
1.220000000000000000e+02 9.706707030309413842e-01
1.230000000000000000e+02 9.701951908964434601e-01
1.240000000000000000e+02 9.697160328339263780e-01
1.250000000000000000e+02 9.692332344763441299e-01
1.260000000000000000e+02 9.687468014975298969e-01
1.270000000000000000e+02 9.682567396120852488e-01
1.280000000000000000e+02 9.677630545752681224e-01
1.290000000000000000e+02 9.672657521828800231e-01
1.300000000000000000e+02 9.667648382711531152e-01
1.310000000000000000e+02 9.662603187166354246e-01
1.320000000000000000e+02 9.657521994360765971e-01
1.330000000000000000e+02 9.652404863863119910e-01
1.340000000000000000e+02 9.647251855641463258e-01
1.350000000000000000e+02 9.642063030062365536e-01
1.360000000000000000e+02 9.636838447889739534e-01
1.370000000000000000e+02 9.631578170283658924e-01
1.380000000000000000e+02 9.626282258799162550e-01
1.390000000000000000e+02 9.620950775385053166e-01
1.400000000000000000e+02 9.615583782382693956e-01
1.410000000000000000e+02 9.610181342524788395e-01
1.420000000000000000e+02 9.604743518934165669e-01
1.430000000000000000e+02 9.599270375122544996e-01
1.440000000000000000e+02 9.593761974989303276e-01
1.450000000000000000e+02 9.588218382820231644e-01
1.460000000000000000e+02 9.582639663286285359e-01
1.470000000000000000e+02 9.577025881442325916e-01
1.480000000000000000e+02 9.571377102725857622e-01
1.490000000000000000e+02 9.565693392955758600e-01
1.500000000000000000e+02 9.559974818330999602e-01
1.510000000000000000e+02 9.554221445429360582e-01
1.520000000000000000e+02 9.548433341206143954e-01
1.530000000000000000e+02 9.542610572992867857e-01
1.540000000000000000e+02 9.536753208495967193e-01
1.550000000000000000e+02 9.530861315795482458e-01
1.560000000000000000e+02 9.524934963343737460e-01
1.570000000000000000e+02 9.518974219964018157e-01
1.580000000000000000e+02 9.512979154849239283e-01
1.590000000000000000e+02 9.506949837560605410e-01
1.600000000000000000e+02 9.500886338026268696e-01
1.610000000000000000e+02 9.494788726539977741e-01
1.620000000000000000e+02 9.488657073759717564e-01
1.630000000000000000e+02 9.482491450706347358e-01
1.640000000000000000e+02 9.476291928762230476e-01
1.650000000000000000e+02 9.470058579669857757e-01
1.660000000000000000e+02 9.463791475530463071e-01
1.670000000000000000e+02 9.457490688802636658e-01
1.680000000000000000e+02 9.451156292300926243e-01
1.690000000000000000e+02 9.444788359194438154e-01
1.700000000000000000e+02 9.438386963005430674e-01
1.710000000000000000e+02 9.431952177607896282e-01
1.720000000000000000e+02 9.425484077226142787e-01
1.730000000000000000e+02 9.418982736433371139e-01
1.740000000000000000e+02 9.412448230150237682e-01
1.750000000000000000e+02 9.405880633643420863e-01
1.760000000000000000e+02 9.399280022524173495e-01
1.770000000000000000e+02 9.392646472746876141e-01
1.780000000000000000e+02 9.385980060607579389e-01
1.790000000000000000e+02 9.379280862742546132e-01
1.800000000000000000e+02 9.372548956126777187e-01
1.810000000000000000e+02 9.365784418072544693e-01
1.820000000000000000e+02 9.358987326227912185e-01
1.830000000000000000e+02 9.352157758575249114e-01
1.840000000000000000e+02 9.345295793429739817e-01
1.850000000000000000e+02 9.338401509437892489e-01
1.860000000000000000e+02 9.331474985576033720e-01
1.870000000000000000e+02 9.324516301148803032e-01
1.880000000000000000e+02 9.317525535787644086e-01
1.890000000000000000e+02 9.310502769449282567e-01
1.900000000000000000e+02 9.303448082414207398e-01
1.910000000000000000e+02 9.296361555285139744e-01
1.920000000000000000e+02 9.289243268985502011e-01
1.930000000000000000e+02 9.282093304757879082e-01
1.940000000000000000e+02 9.274911744162471772e-01
1.950000000000000000e+02 9.267698669075552509e-01
1.960000000000000000e+02 9.260454161687906582e-01
1.970000000000000000e+02 9.253178304503275609e-01
1.980000000000000000e+02 9.245871180336795447e-01
1.990000000000000000e+02 9.238532872313420796e-01
2.000000000000000000e+02 9.231163463866357555e-01
2.010000000000000000e+02 9.223763038735479647e-01
2.020000000000000000e+02 9.216331680965746953e-01
2.030000000000000000e+02 9.208869474905614361e-01
2.040000000000000000e+02 9.201376505205444145e-01
2.050000000000000000e+02 9.193852856815898367e-01
2.060000000000000000e+02 9.186298614986344591e-01
2.070000000000000000e+02 9.178713865263242733e-01
2.080000000000000000e+02 9.171098693488534126e-01
2.090000000000000000e+02 9.163453185798028366e-01
2.100000000000000000e+02 9.155777428619775726e-01
2.110000000000000000e+02 9.148071508672444008e-01
2.120000000000000000e+02 9.140335512963689846e-01
2.130000000000000000e+02 9.132569528788522240e-01
2.140000000000000000e+02 9.124773643727662753e-01
2.150000000000000000e+02 9.116947945645904605e-01
2.160000000000000000e+02 9.109092522690461768e-01
2.170000000000000000e+02 9.101207463289320287e-01
2.180000000000000000e+02 9.093292856149578496e-01
2.190000000000000000e+02 9.085348790255789453e-01
2.200000000000000000e+02 9.077375354868295609e-01
2.210000000000000000e+02 9.069372639521561252e-01
2.220000000000000000e+02 9.061340734022499399e-01
2.230000000000000000e+02 9.053279728448793140e-01
2.240000000000000000e+02 9.045189713147219202e-01
2.250000000000000000e+02 9.037070778731960408e-01
2.260000000000000000e+02 9.028923016082920361e-01
2.270000000000000000e+02 9.020746516344028132e-01
2.280000000000000000e+02 9.012541370921545170e-01
2.290000000000000000e+02 9.004307671482366660e-01
2.300000000000000000e+02 8.996045509952315111e-01
2.310000000000000000e+02 8.987754978514436166e-01
2.320000000000000000e+02 8.979436169607286633e-01
2.330000000000000000e+02 8.971089175923224746e-01
2.340000000000000000e+02 8.962714090406687095e-01
2.350000000000000000e+02 8.954311006252470007e-01
2.360000000000000000e+02 8.945880016904009802e-01
2.370000000000000000e+02 8.937421216051648631e-01
2.380000000000000000e+02 8.928934697630905859e-01
2.390000000000000000e+02 8.920420555820748332e-01
2.400000000000000000e+02 8.911878885041844001e-01
2.410000000000000000e+02 8.903309779954833303e-01
2.420000000000000000e+02 8.894713335458573900e-01
2.430000000000000000e+02 8.886089646688402066e-01
2.440000000000000000e+02 8.877438809014378540e-01
2.450000000000000000e+02 8.868760918039537700e-01
2.460000000000000000e+02 8.860056069598131190e-01
2.470000000000000000e+02 8.851324359753872661e-01
2.480000000000000000e+02 8.842565884798166964e-01
2.490000000000000000e+02 8.833780741248359325e-01
2.500000000000000000e+02 8.824969025845954551e-01
2.510000000000000000e+02 8.816130835554857326e-01
2.520000000000000000e+02 8.807266267559595851e-01
2.530000000000000000e+02 8.798375419263546604e-01
2.540000000000000000e+02 8.789458388287155755e-01
2.550000000000000000e+02 8.780515272466162813e-01
2.560000000000000000e+02 8.771546169849813168e-01
2.570000000000000000e+02 8.762551178699075072e-01
2.580000000000000000e+02 8.753530397484852177e-01
2.590000000000000000e+02 8.744483924886193860e-01
2.600000000000000000e+02 8.735411859788502209e-01
2.610000000000000000e+02 8.726314301281734576e-01
2.620000000000000000e+02 8.717191348658612782e-01
2.630000000000000000e+02 8.708043101412820119e-01
2.640000000000000000e+02 8.698869659237201679e-01
2.650000000000000000e+02 8.689671122021958016e-01
2.660000000000000000e+02 8.680447589852844370e-01
2.670000000000000000e+02 8.671199163009361000e-01
2.680000000000000000e+02 8.661925941962943520e-01
2.690000000000000000e+02 8.652628027375152131e-01
2.700000000000000000e+02 8.643305520095859729e-01
2.710000000000000000e+02 8.633958521161436694e-01
2.720000000000000000e+02 8.624587131792930128e-01
2.730000000000000000e+02 8.615191453394254184e-01
2.740000000000000000e+02 8.605771587550359314e-01
2.750000000000000000e+02 8.596327636025422603e-01
2.760000000000000000e+02 8.586859700761011460e-01
2.770000000000000000e+02 8.577367883874268406e-01
2.780000000000000000e+02 8.567852287656083643e-01
2.790000000000000000e+02 8.558313014569260968e-01
2.800000000000000000e+02 8.548750167246694787e-01
2.810000000000000000e+02 8.539163848489538244e-01
2.820000000000000000e+02 8.529554161265370249e-01
2.830000000000000000e+02 8.519921208706363602e-01
2.840000000000000000e+02 8.510265094107445361e-01
2.850000000000000000e+02 8.500585920924472738e-01
2.860000000000000000e+02 8.490883792772382366e-01
2.870000000000000000e+02 8.481158813423362863e-01
2.880000000000000000e+02 8.471411086805011870e-01
2.890000000000000000e+02 8.461640716998497513e-01
2.900000000000000000e+02 8.451847808236714332e-01
2.910000000000000000e+02 8.442032464902445854e-01
2.920000000000000000e+02 8.432194791526520516e-01
2.930000000000000000e+02 8.422334892785965366e-01
2.940000000000000000e+02 8.412452873502166417e-01
2.950000000000000000e+02 8.402548838639021245e-01
2.960000000000000000e+02 8.392622893301092679e-01
2.970000000000000000e+02 8.382675142731763618e-01
2.980000000000000000e+02 8.372705692311391834e-01
2.990000000000000000e+02 8.362714647555457015e-01
3.000000000000000000e+02 8.352702114112720011e-01
3.010000000000000000e+02 8.342668197763369875e-01
3.020000000000000000e+02 8.332613004417174229e-01
3.030000000000000000e+02 8.322536640111635187e-01
3.040000000000000000e+02 8.312439211010133056e-01
3.050000000000000000e+02 8.302320823400083372e-01
3.060000000000000000e+02 8.292181583691080604e-01
3.070000000000000000e+02 8.282021598413052965e-01
3.080000000000000000e+02 8.271840974214409448e-01
3.090000000000000000e+02 8.261639817860189083e-01
3.100000000000000000e+02 8.251418236230210201e-01
3.110000000000000000e+02 8.241176336317224127e-01
3.120000000000000000e+02 8.230914225225057779e-01
3.130000000000000000e+02 8.220632010166767367e-01
3.140000000000000000e+02 8.210329798462789874e-01
3.150000000000000000e+02 8.200007697539086760e-01
3.160000000000000000e+02 8.189665814925299880e-01
3.170000000000000000e+02 8.179304258252898530e-01
3.180000000000000000e+02 8.168923135253330914e-01
3.190000000000000000e+02 8.158522553756176743e-01
3.200000000000000000e+02 8.148102621687294267e-01
3.210000000000000000e+02 8.137663447066975086e-01
3.220000000000000000e+02 8.127205138008097851e-01
3.230000000000000000e+02 8.116727802714276407e-01
3.240000000000000000e+02 8.106231549478016829e-01
3.250000000000000000e+02 8.095716486678868895e-01
3.260000000000000000e+02 8.085182722781583120e-01
3.270000000000000000e+02 8.074630366334264453e-01
3.280000000000000000e+02 8.064059525966524866e-01
3.290000000000000000e+02 8.053470310387648157e-01
3.300000000000000000e+02 8.042862828384740315e-01
3.310000000000000000e+02 8.032237188820888774e-01
3.320000000000000000e+02 8.021593500633326101e-01
3.330000000000000000e+02 8.010931872831584810e-01
3.340000000000000000e+02 8.000252414495661046e-01
3.350000000000000000e+02 7.989555234774180503e-01
3.360000000000000000e+02 7.978840442882552120e-01
3.370000000000000000e+02 7.968108148101142874e-01
3.380000000000000000e+02 7.957358459773435921e-01
3.390000000000000000e+02 7.946591487304203172e-01
3.400000000000000000e+02 7.935807340157667866e-01
3.410000000000000000e+02 7.925006127855677152e-01
3.420000000000000000e+02 7.914187959975873543e-01
3.430000000000000000e+02 7.903352946149864167e-01
3.440000000000000000e+02 7.892501196061394442e-01
3.450000000000000000e+02 7.881632819444526206e-01
3.460000000000000000e+02 7.870747926081811396e-01
3.470000000000000000e+02 7.859846625802467956e-01
3.480000000000000000e+02 7.848929028480565728e-01
3.490000000000000000e+02 7.837995244033200137e-01
3.500000000000000000e+02 7.827045382418681418e-01
3.510000000000000000e+02 7.816079553634714960e-01
3.520000000000000000e+02 7.805097867716587201e-01
3.530000000000000000e+02 7.794100434735358185e-01
3.540000000000000000e+02 7.783087364796046348e-01
3.550000000000000000e+02 7.772058768035824405e-01
3.560000000000000000e+02 7.761014754622208578e-01
3.570000000000000000e+02 7.749955434751256700e-01
3.580000000000000000e+02 7.738880918645767437e-01
3.590000000000000000e+02 7.727791316553477285e-01
3.600000000000000000e+02 7.716686738745262009e-01
3.610000000000000000e+02 7.705567295513342518e-01
3.620000000000000000e+02 7.694433097169488533e-01
3.630000000000000000e+02 7.683284254043228900e-01
3.640000000000000000e+02 7.672120876480061913e-01
3.650000000000000000e+02 7.660943074839663414e-01
3.660000000000000000e+02 7.649750959494109326e-01
3.670000000000000000e+02 7.638544640826084864e-01
3.680000000000000000e+02 7.627324229227111507e-01
3.690000000000000000e+02 7.616089835095762872e-01
3.700000000000000000e+02 7.604841568835896126e-01
3.710000000000000000e+02 7.593579540854870080e-01
3.720000000000000000e+02 7.582303861561783265e-01
3.730000000000000000e+02 7.571014641365702014e-01
3.740000000000000000e+02 7.559711990673895210e-01
3.750000000000000000e+02 7.548396019890073472e-01
3.760000000000000000e+02 7.537066839412626118e-01
3.770000000000000000e+02 7.525724559632870347e-01
3.780000000000000000e+02 7.514369290933288204e-01
3.790000000000000000e+02 7.503001143685783525e-01
3.800000000000000000e+02 7.491620228249926683e-01
3.810000000000000000e+02 7.480226654971214861e-01
3.820000000000000000e+02 7.468820534179323456e-01
3.830000000000000000e+02 7.457401976186368575e-01
3.840000000000000000e+02 7.445971091285171761e-01
3.850000000000000000e+02 7.434527989747525822e-01
3.860000000000000000e+02 7.423072781822460664e-01
3.870000000000000000e+02 7.411605577734518002e-01
3.880000000000000000e+02 7.400126487682030518e-01
3.890000000000000000e+02 7.388635621835391021e-01
3.900000000000000000e+02 7.377133090335346033e-01
3.910000000000000000e+02 7.365619003291271616e-01
3.920000000000000000e+02 7.354093470779466957e-01
3.930000000000000000e+02 7.342556602841442404e-01
3.940000000000000000e+02 7.331008509482220825e-01
3.950000000000000000e+02 7.319449300668628977e-01
3.960000000000000000e+02 7.307879086327602192e-01
3.970000000000000000e+02 7.296297976344493508e-01
3.980000000000000000e+02 7.284706080561376140e-01
3.990000000000000000e+02 7.273103508775360382e-01
4.000000000000000000e+02 7.261490370736909394e-01
4.010000000000000000e+02 7.249866776148157221e-01
4.020000000000000000e+02 7.238232834661234572e-01
4.030000000000000000e+02 7.226588655876591272e-01
4.040000000000000000e+02 7.214934349341332043e-01
4.050000000000000000e+02 7.203270024547547834e-01
4.060000000000000000e+02 7.191595790930658261e-01
4.070000000000000000e+02 7.179911757867746269e-01
4.080000000000000000e+02 7.168218034675910566e-01
4.090000000000000000e+02 7.156514730610613606e-01
4.100000000000000000e+02 7.144801954864034021e-01
4.110000000000000000e+02 7.133079816563426823e-01
4.120000000000000000e+02 7.121348424769480268e-01
4.130000000000000000e+02 7.109607888474687165e-01
4.140000000000000000e+02 7.097858316601713957e-01
4.150000000000000000e+02 7.086099818001767581e-01
4.160000000000000000e+02 7.074332501452984534e-01
4.170000000000000000e+02 7.062556475658802180e-01
4.180000000000000000e+02 7.050771849246351142e-01
4.190000000000000000e+02 7.038978730764845482e-01
4.200000000000000000e+02 7.027177228683976207e-01
4.210000000000000000e+02 7.015367451392309217e-01
4.220000000000000000e+02 7.003549507195689916e-01
4.230000000000000000e+02 6.991723504315650040e-01
4.240000000000000000e+02 6.979889550887820038e-01
4.250000000000000000e+02 6.968047754960348117e-01
4.260000000000000000e+02 6.956198224492313731e-01
4.270000000000000000e+02 6.944341067352162167e-01
4.280000000000000000e+02 6.932476391316125808e-01
4.290000000000000000e+02 6.920604304066663159e-01
4.300000000000000000e+02 6.908724913190897876e-01
4.310000000000000000e+02 6.896838326179058898e-01
4.320000000000000000e+02 6.884944650422931689e-01
4.330000000000000000e+02 6.873043993214308367e-01
4.340000000000000000e+02 6.861136461743446713e-01
4.350000000000000000e+02 6.849222163097530292e-01
4.360000000000000000e+02 6.837301204259139675e-01
4.370000000000000000e+02 6.825373692104713674e-01
4.380000000000000000e+02 6.813439733403040544e-01
4.390000000000000000e+02 6.801499434813723655e-01
4.400000000000000000e+02 6.789552902885679364e-01
4.410000000000000000e+02 6.777600244055620449e-01
4.420000000000000000e+02 6.765641564646552863e-01
4.430000000000000000e+02 6.753676970866280271e-01
4.440000000000000000e+02 6.741706568805904132e-01
4.450000000000000000e+02 6.729730464438339332e-01
4.460000000000000000e+02 6.717748763616823160e-01
4.470000000000000000e+02 6.705761572073443144e-01
4.480000000000000000e+02 6.693768995417656020e-01
4.490000000000000000e+02 6.681771139134823345e-01
4.500000000000000000e+02 6.669768108584743782e-01
4.510000000000000000e+02 6.657760009000195378e-01
4.520000000000000000e+02 6.645746945485481172e-01
4.530000000000000000e+02 6.633729023014981463e-01
4.540000000000000000e+02 6.621706346431707191e-01
4.550000000000000000e+02 6.609679020445865527e-01
4.560000000000000000e+02 6.597647149633424357e-01
4.570000000000000000e+02 6.585610838434683423e-01
4.580000000000000000e+02 6.573570191152854347e-01
4.590000000000000000e+02 6.561525311952641770e-01
4.600000000000000000e+02 6.549476304858832254e-01
4.610000000000000000e+02 6.537423273754887632e-01
4.620000000000000000e+02 6.525366322381541684e-01
4.630000000000000000e+02 6.513305554335410141e-01
4.640000000000000000e+02 6.501241073067592913e-01
4.650000000000000000e+02 6.489172981882297409e-01
4.660000000000000000e+02 6.477101383935450762e-01
4.670000000000000000e+02 6.465026382233333146e-01
4.680000000000000000e+02 6.452948079631207756e-01
4.690000000000000000e+02 6.440866578831956346e-01
4.700000000000000000e+02 6.428781982384720317e-01
4.710000000000000000e+02 6.416694392683558457e-01
4.720000000000000000e+02 6.404603911966089136e-01
4.730000000000000000e+02 6.392510642312160263e-01
4.740000000000000000e+02 6.380414685642508132e-01
4.750000000000000000e+02 6.368316143717431821e-01
4.760000000000000000e+02 6.356215118135468689e-01
4.770000000000000000e+02 6.344111710332079879e-01
4.780000000000000000e+02 6.332006021578335808e-01
4.790000000000000000e+02 6.319898152979610551e-01
4.800000000000000000e+02 6.307788205474282872e-01
4.810000000000000000e+02 6.295676279832441713e-01
4.820000000000000000e+02 6.283562476654599438e-01
4.830000000000000000e+02 6.271446896370407309e-01
4.840000000000000000e+02 6.259329639237378728e-01
4.850000000000000000e+02 6.247210805339621364e-01
4.860000000000000000e+02 6.235090494586568166e-01
4.870000000000000000e+02 6.222968806711721701e-01
4.880000000000000000e+02 6.210845841271402934e-01
4.890000000000000000e+02 6.198721697643497786e-01
4.900000000000000000e+02 6.186596475026224784e-01
4.910000000000000000e+02 6.174470272436891616e-01
4.920000000000000000e+02 6.162343188710671660e-01
4.930000000000000000e+02 6.150215322499382742e-01
4.940000000000000000e+02 6.138086772270263669e-01
4.950000000000000000e+02 6.125957636304770748e-01
4.960000000000000000e+02 6.113828012697366532e-01
4.970000000000000000e+02 6.101697999354328550e-01
4.980000000000000000e+02 6.089567693992550268e-01
4.990000000000000000e+02 6.077437194138358700e-01
5.000000000000000000e+02 6.065306597126334243e-01
5.010000000000000000e+02 6.053176000098136056e-01
5.020000000000000000e+02 6.041045500001333002e-01
5.030000000000000000e+02 6.028915193588246790e-01
5.040000000000000000e+02 6.016785177414789576e-01
5.050000000000000000e+02 6.004655547839322649e-01
5.060000000000000000e+02 5.992526401021509574e-01
5.070000000000000000e+02 5.980397832921178214e-01
5.080000000000000000e+02 5.968269939297196069e-01
5.090000000000000000e+02 5.956142815706341187e-01
5.100000000000000000e+02 5.944016557502186382e-01
5.110000000000000000e+02 5.931891259833987906e-01
5.120000000000000000e+02 5.919767017645582996e-01
5.130000000000000000e+02 5.907643925674287422e-01
5.140000000000000000e+02 5.895522078449806358e-01
5.150000000000000000e+02 5.883401570293147476e-01
5.160000000000000000e+02 5.871282495315538474e-01
5.170000000000000000e+02 5.859164947417362379e-01
5.180000000000000000e+02 5.847049020287082843e-01
5.190000000000000000e+02 5.834934807400187218e-01
5.200000000000000000e+02 5.822822402018134058e-01
5.210000000000000000e+02 5.810711897187301744e-01
5.220000000000000000e+02 5.798603385737953753e-01
5.230000000000000000e+02 5.786496960283200597e-01
5.240000000000000000e+02 5.774392713217973983e-01
5.250000000000000000e+02 5.762290736717998740e-01
5.260000000000000000e+02 5.750191122738792515e-01
5.270000000000000000e+02 5.738093963014639920e-01
5.280000000000000000e+02 5.725999349057605547e-01
5.290000000000000000e+02 5.713907372156531439e-01
5.300000000000000000e+02 5.701818123376050096e-01
5.310000000000000000e+02 5.689731693555600822e-01
5.320000000000000000e+02 5.677648173308458279e-01
5.330000000000000000e+02 5.665567653020761041e-01
5.340000000000000000e+02 5.653490222850545699e-01
5.350000000000000000e+02 5.641415972726800954e-01
5.360000000000000000e+02 5.629344992348508381e-01
5.370000000000000000e+02 5.617277371183705403e-01
5.380000000000000000e+02 5.605213198468548264e-01
5.390000000000000000e+02 5.593152563206384986e-01
5.400000000000000000e+02 5.581095554166826123e-01
5.410000000000000000e+02 5.569042259884838808e-01
5.420000000000000000e+02 5.556992768659829718e-01
5.430000000000000000e+02 5.544947168554745787e-01
5.440000000000000000e+02 5.532905547395177148e-01
5.450000000000000000e+02 5.520867992768467847e-01
5.460000000000000000e+02 5.508834592022836540e-01
5.470000000000000000e+02 5.496805432266494984e-01
5.480000000000000000e+02 5.484780600366786496e-01
5.490000000000000000e+02 5.472760182949314434e-01
5.500000000000000000e+02 5.460744266397093982e-01
5.510000000000000000e+02 5.448732936849700614e-01
5.520000000000000000e+02 5.436726280202427430e-01
5.530000000000000000e+02 5.424724382105449161e-01
5.540000000000000000e+02 5.412727327962996160e-01
5.550000000000000000e+02 5.400735202932528400e-01
5.560000000000000000e+02 5.388748091923922789e-01
5.570000000000000000e+02 5.376766079598666037e-01
5.580000000000000000e+02 5.364789250369049745e-01
5.590000000000000000e+02 5.352817688397375484e-01
5.600000000000000000e+02 5.340851477595170982e-01
5.610000000000000000e+02 5.328890701622401860e-01
5.620000000000000000e+02 5.316935443886701140e-01
5.630000000000000000e+02 5.304985787542604303e-01
5.640000000000000000e+02 5.293041815490781010e-01
5.650000000000000000e+02 5.281103610377283486e-01
5.660000000000000000e+02 5.269171254592803777e-01
5.670000000000000000e+02 5.257244830271924352e-01
5.680000000000000000e+02 5.245324419292392015e-01
5.690000000000000000e+02 5.233410103274386271e-01
5.700000000000000000e+02 5.221501963579798788e-01
5.710000000000000000e+02 5.209600081311521746e-01
5.720000000000000000e+02 5.197704537312741735e-01
5.730000000000000000e+02 5.185815412166234761e-01
5.740000000000000000e+02 5.173932786193677913e-01
5.750000000000000000e+02 5.162056739454963239e-01
5.760000000000000000e+02 5.150187351747514963e-01
5.770000000000000000e+02 5.138324702605616690e-01
5.780000000000000000e+02 5.126468871299746377e-01
5.790000000000000000e+02 5.114619936835921310e-01
5.800000000000000000e+02 5.102777977955037514e-01
5.810000000000000000e+02 5.090943073132230268e-01
5.820000000000000000e+02 5.079115300576232395e-01
5.830000000000000000e+02 5.067294738228745876e-01
5.840000000000000000e+02 5.055481463763809025e-01
5.850000000000000000e+02 5.043675554587188081e-01
5.860000000000000000e+02 5.031877087835757711e-01
5.870000000000000000e+02 5.020086140376899264e-01
5.880000000000000000e+02 5.008302788807903472e-01
5.890000000000000000e+02 4.996527109455377036e-01
5.900000000000000000e+02 4.984759178374659760e-01
5.910000000000000000e+02 4.972999071349248346e-01
5.920000000000000000e+02 4.961246863890221848e-01
5.930000000000000000e+02 4.949502631235678796e-01
5.940000000000000000e+02 4.937766448350182635e-01
5.950000000000000000e+02 4.926038389924207728e-01
5.960000000000000000e+02 4.914318530373598670e-01
5.970000000000000000e+02 4.902606943839030174e-01
5.980000000000000000e+02 4.890903704185480261e-01
5.990000000000000000e+02 4.879208885001703466e-01
6.000000000000000000e+02 4.867522559599716803e-01
6.010000000000000000e+02 4.855844801014289058e-01
6.020000000000000000e+02 4.844175682002437311e-01
6.030000000000000000e+02 4.832515275042930658e-01
6.040000000000000000e+02 4.820863652335802829e-01
6.050000000000000000e+02 4.809220885801864243e-01
6.060000000000000000e+02 4.797587047082230161e-01
6.070000000000000000e+02 4.785962207537851620e-01
6.080000000000000000e+02 4.774346438249049696e-01
6.090000000000000000e+02 4.762739810015061415e-01
6.100000000000000000e+02 4.751142393353591231e-01
6.110000000000000000e+02 4.739554258500365269e-01
6.120000000000000000e+02 4.727975475408701667e-01
6.130000000000000000e+02 4.716406113749073703e-01
6.140000000000000000e+02 4.704846242908694021e-01
6.150000000000000000e+02 4.693295931991096626e-01
6.160000000000000000e+02 4.681755249815724440e-01
6.170000000000000000e+02 4.670224264917534618e-01
6.180000000000000000e+02 4.658703045546594423e-01
6.190000000000000000e+02 4.647191659667699315e-01
6.200000000000000000e+02 4.635690174959984922e-01
6.210000000000000000e+02 4.624198658816556229e-01
6.220000000000000000e+02 4.612717178344115099e-01
6.230000000000000000e+02 4.601245800362598892e-01
6.240000000000000000e+02 4.589784591404825198e-01
6.250000000000000000e+02 4.578333617716142667e-01
6.260000000000000000e+02 4.566892945254087399e-01
6.270000000000000000e+02 4.555462639688048765e-01
6.280000000000000000e+02 4.544042766398937450e-01
6.290000000000000000e+02 4.532633390478865709e-01
6.300000000000000000e+02 4.521234576730829291e-01
6.310000000000000000e+02 4.509846389668397681e-01
6.320000000000000000e+02 4.498468893515412126e-01
6.330000000000000000e+02 4.487102152205688643e-01
6.340000000000000000e+02 4.475746229382728258e-01
6.350000000000000000e+02 4.464401188399432785e-01
6.360000000000000000e+02 4.453067092317827824e-01
6.370000000000000000e+02 4.441744003908795202e-01
6.380000000000000000e+02 4.430431985651804849e-01
6.390000000000000000e+02 4.419131099734660006e-01
6.400000000000000000e+02 4.407841408053245202e-01
6.410000000000000000e+02 4.396562972211283671e-01
6.420000000000000000e+02 4.385295853520096432e-01
6.430000000000000000e+02 4.374040112998372476e-01
6.440000000000000000e+02 4.362795811371945054e-01
6.450000000000000000e+02 4.351563009073569077e-01
6.460000000000000000e+02 4.340341766242711841e-01
6.470000000000000000e+02 4.329132142725348187e-01
6.480000000000000000e+02 4.317934198073757335e-01
6.490000000000000000e+02 4.306747991546331922e-01
6.500000000000000000e+02 4.295573582107391486e-01
6.510000000000000000e+02 4.284411028427002055e-01
6.520000000000000000e+02 4.273260388880801286e-01
6.530000000000000000e+02 4.262121721549831932e-01
6.540000000000000000e+02 4.250995084220378639e-01
6.550000000000000000e+02 4.239880534383814736e-01
6.560000000000000000e+02 4.228778129236453465e-01
6.570000000000000000e+02 4.217687925679403649e-01
6.580000000000000000e+02 4.206609980318435915e-01
6.590000000000000000e+02 4.195544349463850575e-01
6.600000000000000000e+02 4.184491089130354391e-01
6.610000000000000000e+02 4.173450255036944556e-01
6.620000000000000000e+02 4.162421902606796009e-01
6.630000000000000000e+02 4.151406086967157072e-01
6.640000000000000000e+02 4.140402862949248974e-01
6.650000000000000000e+02 4.129412285088176482e-01
6.660000000000000000e+02 4.118434407622837412e-01
6.670000000000000000e+02 4.107469284495844364e-01
6.680000000000000000e+02 4.096516969353451443e-01
6.690000000000000000e+02 4.085577515545483762e-01
6.700000000000000000e+02 4.074650976125276380e-01
6.710000000000000000e+02 4.063737403849619345e-01
6.720000000000000000e+02 4.052836851178705513e-01
6.730000000000000000e+02 4.041949370276089470e-01
6.740000000000000000e+02 4.031075013008648122e-01
6.750000000000000000e+02 4.020213830946548494e-01
6.760000000000000000e+02 4.009365875363223308e-01
6.770000000000000000e+02 3.998531197235349888e-01
6.780000000000000000e+02 3.987709847242837391e-01
6.790000000000000000e+02 3.976901875768819039e-01
6.800000000000000000e+02 3.966107332899649895e-01
6.810000000000000000e+02 3.955326268424910197e-01
6.820000000000000000e+02 3.944558731837417564e-01
6.830000000000000000e+02 3.933804772333238664e-01
6.840000000000000000e+02 3.923064438811716959e-01
6.850000000000000000e+02 3.912337779875495469e-01
6.860000000000000000e+02 3.901624843830551748e-01
6.870000000000000000e+02 3.890925678686237288e-01
6.880000000000000000e+02 3.880240332155324157e-01
6.890000000000000000e+02 3.869568851654052177e-01
6.900000000000000000e+02 3.858911284302189437e-01
6.910000000000000000e+02 3.848267676923094460e-01
6.920000000000000000e+02 3.837638076043780599e-01
6.930000000000000000e+02 3.827022527894994863e-01
6.940000000000000000e+02 3.816421078411293411e-01
6.950000000000000000e+02 3.805833773231131478e-01
6.960000000000000000e+02 3.795260657696949425e-01
6.970000000000000000e+02 3.784701776855274313e-01
6.980000000000000000e+02 3.774157175456817059e-01
6.990000000000000000e+02 3.763626897956585671e-01
7.000000000000000000e+02 3.753110988513995716e-01
7.010000000000000000e+02 3.742609490992988563e-01
7.020000000000000000e+02 3.732122448962159611e-01
7.030000000000000000e+02 3.721649905694886518e-01
7.040000000000000000e+02 3.711191904169464095e-01
7.050000000000000000e+02 3.700748487069246973e-01
7.060000000000000000e+02 3.690319696782796699e-01
7.070000000000000000e+02 3.679905575404032736e-01
7.080000000000000000e+02 3.669506164732391773e-01
7.090000000000000000e+02 3.659121506272990376e-01
7.100000000000000000e+02 3.648751641236792076e-01
7.110000000000000000e+02 3.638396610540782228e-01
7.120000000000000000e+02 3.628056454808150644e-01
7.130000000000000000e+02 3.617731214368470338e-01
7.140000000000000000e+02 3.607420929257891262e-01
7.150000000000000000e+02 3.597125639219337923e-01
7.160000000000000000e+02 3.586845383702704781e-01
7.170000000000000000e+02 3.576580201865064423e-01
7.180000000000000000e+02 3.566330132570880718e-01
7.190000000000000000e+02 3.556095214392223092e-01
7.200000000000000000e+02 3.545875485608989686e-01
7.210000000000000000e+02 3.535670984209131618e-01
7.220000000000000000e+02 3.525481747888889461e-01
7.230000000000000000e+02 3.515307814053024726e-01
7.240000000000000000e+02 3.505149219815069106e-01
7.250000000000000000e+02 3.495006001997564837e-01
7.260000000000000000e+02 3.484878197132322830e-01
7.270000000000000000e+02 3.474765841460678018e-01
7.280000000000000000e+02 3.464668970933752479e-01
7.290000000000000000e+02 3.454587621212721893e-01
7.300000000000000000e+02 3.444521827669089764e-01
7.310000000000000000e+02 3.434471625384966642e-01
7.320000000000000000e+02 3.424437049153348234e-01
7.330000000000000000e+02 3.414418133478406836e-01
7.340000000000000000e+02 3.404414912575784991e-01
7.350000000000000000e+02 3.394427420372889137e-01
7.360000000000000000e+02 3.384455690509193260e-01
7.370000000000000000e+02 3.374499756336547529e-01
7.380000000000000000e+02 3.364559650919491385e-01
7.390000000000000000e+02 3.354635407035566064e-01
7.400000000000000000e+02 3.344727057175640450e-01
7.410000000000000000e+02 3.334834633544234705e-01
7.420000000000000000e+02 3.324958168059855002e-01
7.430000000000000000e+02 3.315097692355327141e-01
7.440000000000000000e+02 3.305253237778135178e-01
7.450000000000000000e+02 3.295424835390771690e-01
7.460000000000000000e+02 3.285612515971083614e-01
7.470000000000000000e+02 3.275816310012629740e-01
7.480000000000000000e+02 3.266036247725038755e-01
7.490000000000000000e+02 3.256272359034372843e-01
7.500000000000000000e+02 3.246524673583497389e-01
7.510000000000000000e+02 3.236793220732452347e-01
7.520000000000000000e+02 3.227078029558831385e-01
7.530000000000000000e+02 3.217379128858163795e-01
7.540000000000000000e+02 3.207696547144299193e-01
7.550000000000000000e+02 3.198030312649801643e-01
7.560000000000000000e+02 3.188380453326342678e-01
7.570000000000000000e+02 3.178746996845102091e-01
7.580000000000000000e+02 3.169129970597172608e-01
7.590000000000000000e+02 3.159529401693967343e-01
7.600000000000000000e+02 3.149945316967633357e-01
7.610000000000000000e+02 3.140377742971470765e-01
7.620000000000000000e+02 3.130826705980351288e-01
7.630000000000000000e+02 3.121292231991147359e-01
7.640000000000000000e+02 3.111774346723159557e-01
7.650000000000000000e+02 3.102273075618551812e-01
7.660000000000000000e+02 3.092788443842790502e-01
7.670000000000000000e+02 3.083320476285089651e-01
7.680000000000000000e+02 3.073869197558850574e-01
7.690000000000000000e+02 3.064434632002122627e-01
7.700000000000000000e+02 3.055016803678051174e-01
7.710000000000000000e+02 3.045615736375339444e-01
7.720000000000000000e+02 3.036231453608713160e-01
7.730000000000000000e+02 3.026863978619385165e-01
7.740000000000000000e+02 3.017513334375528933e-01
7.750000000000000000e+02 3.008179543572755410e-01
7.760000000000000000e+02 2.998862628634587080e-01
7.770000000000000000e+02 2.989562611712948126e-01
7.780000000000000000e+02 2.980279514688645714e-01
7.790000000000000000e+02 2.971013359171866819e-01
7.800000000000000000e+02 2.961764166502667273e-01
7.810000000000000000e+02 2.952531957751478031e-01
7.820000000000000000e+02 2.943316753719600332e-01
7.830000000000000000e+02 2.934118574939716950e-01
7.840000000000000000e+02 2.924937441676402350e-01
7.850000000000000000e+02 2.915773373926634493e-01
7.860000000000000000e+02 2.906626391420315536e-01
7.870000000000000000e+02 2.897496513620792524e-01
7.880000000000000000e+02 2.888383759725378641e-01
7.890000000000000000e+02 2.879288148665891112e-01
7.900000000000000000e+02 2.870209699109174117e-01
7.910000000000000000e+02 2.861148429457640030e-01
7.920000000000000000e+02 2.852104357849811200e-01
7.930000000000000000e+02 2.843077502160857306e-01
7.940000000000000000e+02 2.834067880003147133e-01
7.950000000000000000e+02 2.825075508726796469e-01
7.960000000000000000e+02 2.816100405420223218e-01
7.970000000000000000e+02 2.807142586910704729e-01
7.980000000000000000e+02 2.798202069764939015e-01
7.990000000000000000e+02 2.789278870289606527e-01
8.000000000000000000e+02 2.780373004531941361e-01
8.010000000000000000e+02 2.771484488280299141e-01
8.020000000000000000e+02 2.762613337064732666e-01
8.030000000000000000e+02 2.753759566157571448e-01
8.040000000000000000e+02 2.744923190573999028e-01
8.050000000000000000e+02 2.736104225072639728e-01
8.060000000000000000e+02 2.727302684156145407e-01
8.070000000000000000e+02 2.718518582071786649e-01
8.080000000000000000e+02 2.709751932812045627e-01
8.090000000000000000e+02 2.701002750115215068e-01
8.100000000000000000e+02 2.692271047465995548e-01
8.110000000000000000e+02 2.683556838096102792e-01
8.120000000000000000e+02 2.674860134984869964e-01
8.130000000000000000e+02 2.666180950859861620e-01
8.140000000000000000e+02 2.657519298197481561e-01
8.150000000000000000e+02 2.648875189223591775e-01
8.160000000000000000e+02 2.640248635914130837e-01
8.170000000000000000e+02 2.631639649995734520e-01
8.180000000000000000e+02 2.623048242946360853e-01
8.190000000000000000e+02 2.614474425995917395e-01
8.200000000000000000e+02 2.605918210126891843e-01
8.210000000000000000e+02 2.597379606074984304e-01
8.220000000000000000e+02 2.588858624329746783e-01
8.230000000000000000e+02 2.580355275135217674e-01
8.240000000000000000e+02 2.571869568490565694e-01
8.250000000000000000e+02 2.563401514150736027e-01
8.260000000000000000e+02 2.554951121627094812e-01
8.270000000000000000e+02 2.546518400188080844e-01
8.280000000000000000e+02 2.538103358859858383e-01
8.290000000000000000e+02 2.529706006426970522e-01
8.300000000000000000e+02 2.521326351433001434e-01
8.310000000000000000e+02 2.512964402181232515e-01
8.320000000000000000e+02 2.504620166735309073e-01
8.330000000000000000e+02 2.496293652919905071e-01
8.340000000000000000e+02 2.487984868321391208e-01
8.350000000000000000e+02 2.479693820288506323e-01
8.360000000000000000e+02 2.471420515933032136e-01
8.370000000000000000e+02 2.463164962130466595e-01
8.380000000000000000e+02 2.454927165520705556e-01
8.390000000000000000e+02 2.446707132508720850e-01
8.400000000000000000e+02 2.438504869265246400e-01
8.410000000000000000e+02 2.430320381727461287e-01
8.420000000000000000e+02 2.422153675599680034e-01
8.430000000000000000e+02 2.414004756354042047e-01
8.440000000000000000e+02 2.405873629231203570e-01
8.450000000000000000e+02 2.397760299241034343e-01
8.460000000000000000e+02 2.389664771163315382e-01
8.470000000000000000e+02 2.381587049548436474e-01
8.480000000000000000e+02 2.373527138718098395e-01
8.490000000000000000e+02 2.365485042766018176e-01
8.500000000000000000e+02 2.357460765558635207e-01
8.510000000000000000e+02 2.349454310735818452e-01
8.520000000000000000e+02 2.341465681711576985e-01
8.530000000000000000e+02 2.333494881674773591e-01
8.540000000000000000e+02 2.325541913589838083e-01
8.550000000000000000e+02 2.317606780197484784e-01
8.560000000000000000e+02 2.309689484015431948e-01
8.570000000000000000e+02 2.301790027339120359e-01
8.580000000000000000e+02 2.293908412242437467e-01
8.590000000000000000e+02 2.286044640578442366e-01
8.600000000000000000e+02 2.278198713980090218e-01
8.610000000000000000e+02 2.270370633860963883e-01
8.620000000000000000e+02 2.262560401416001121e-01
8.630000000000000000e+02 2.254768017622229559e-01
8.640000000000000000e+02 2.246993483239497769e-01
8.650000000000000000e+02 2.239236798811214124e-01
8.660000000000000000e+02 2.231497964665082323e-01
8.670000000000000000e+02 2.223776980913840517e-01
8.680000000000000000e+02 2.216073847456005996e-01
8.690000000000000000e+02 2.208388563976612373e-01
8.700000000000000000e+02 2.200721129947958432e-01
8.710000000000000000e+02 2.193071544630353642e-01
8.720000000000000000e+02 2.185439807072864504e-01
8.730000000000000000e+02 2.177825916114064786e-01
8.740000000000000000e+02 2.170229870382786030e-01
8.750000000000000000e+02 2.162651668298873064e-01
8.760000000000000000e+02 2.155091308073933398e-01
8.770000000000000000e+02 2.147548787712096618e-01
8.780000000000000000e+02 2.140024105010769617e-01
8.790000000000000000e+02 2.132517257561397372e-01
8.800000000000000000e+02 2.125028242750220675e-01
8.810000000000000000e+02 2.117557057759038575e-01
8.820000000000000000e+02 2.110103699565971935e-01
8.830000000000000000e+02 2.102668164946227547e-01
8.840000000000000000e+02 2.095250450472862791e-01
8.850000000000000000e+02 2.087850552517555580e-01
8.860000000000000000e+02 2.080468467251367637e-01
8.870000000000000000e+02 2.073104190645520539e-01
8.880000000000000000e+02 2.065757718472161497e-01
8.890000000000000000e+02 2.058429046305137455e-01
8.900000000000000000e+02 2.051118169520769197e-01
8.910000000000000000e+02 2.043825083298624889e-01
8.920000000000000000e+02 2.036549782622295302e-01
8.930000000000000000e+02 2.029292262280174008e-01
8.940000000000000000e+02 2.022052516866230665e-01
8.950000000000000000e+02 2.014830540780793711e-01
8.960000000000000000e+02 2.007626328231329749e-01
8.970000000000000000e+02 2.000439873233224586e-01
8.980000000000000000e+02 1.993271169610565940e-01
8.990000000000000000e+02 1.986120210996926150e-01
9.000000000000000000e+02 1.978986990836146542e-01
9.010000000000000000e+02 1.971871502383125696e-01
9.020000000000000000e+02 1.964773738704601036e-01
9.030000000000000000e+02 1.957693692679939035e-01
9.040000000000000000e+02 1.950631357001923472e-01
9.050000000000000000e+02 1.943586724177544245e-01
9.060000000000000000e+02 1.936559786528785077e-01
9.070000000000000000e+02 1.929550536193417598e-01
9.080000000000000000e+02 1.922558965125790997e-01
9.090000000000000000e+02 1.915585065097624440e-01
9.100000000000000000e+02 1.908628827698801989e-01
9.110000000000000000e+02 1.901690244338163083e-01
9.120000000000000000e+02 1.894769306244300788e-01
9.130000000000000000e+02 1.887866004466355607e-01
9.140000000000000000e+02 1.880980329874810120e-01
9.150000000000000000e+02 1.874112273162288622e-01
9.160000000000000000e+02 1.867261824844352047e-01
9.170000000000000000e+02 1.860428975260297324e-01
9.180000000000000000e+02 1.853613714573954796e-01
9.190000000000000000e+02 1.846816032774489524e-01
9.200000000000000000e+02 1.840035919677198151e-01
9.210000000000000000e+02 1.833273364924311033e-01
9.220000000000000000e+02 1.826528357985793272e-01
9.230000000000000000e+02 1.819800888160143792e-01
9.240000000000000000e+02 1.813090944575200814e-01
9.250000000000000000e+02 1.806398516188939818e-01
9.260000000000000000e+02 1.799723591790279298e-01
9.270000000000000000e+02 1.793066159999882891e-01
9.280000000000000000e+02 1.786426209270962906e-01
9.290000000000000000e+02 1.779803727890082732e-01
9.300000000000000000e+02 1.773198703977963697e-01
9.310000000000000000e+02 1.766611125490287759e-01
9.320000000000000000e+02 1.760040980218502971e-01
9.330000000000000000e+02 1.753488255790627559e-01
9.340000000000000000e+02 1.746952939672056504e-01
9.350000000000000000e+02 1.740435019166367558e-01
9.360000000000000000e+02 1.733934481416125883e-01
9.370000000000000000e+02 1.727451313403689792e-01
9.380000000000000000e+02 1.720985501952018992e-01
9.390000000000000000e+02 1.714537033725478943e-01
9.400000000000000000e+02 1.708105895230648541e-01
9.410000000000000000e+02 1.701692072817128087e-01
9.420000000000000000e+02 1.695295552678341700e-01
9.430000000000000000e+02 1.688916320852350272e-01
9.440000000000000000e+02 1.682554363222652505e-01
9.450000000000000000e+02 1.676209665518997305e-01
9.460000000000000000e+02 1.669882213318186204e-01
9.470000000000000000e+02 1.663571992044884373e-01
9.480000000000000000e+02 1.657278986972424428e-01
9.490000000000000000e+02 1.651003183223615223e-01
9.500000000000000000e+02 1.644744565771548983e-01
9.510000000000000000e+02 1.638503119440407607e-01
9.520000000000000000e+02 1.632278828906269241e-01
9.530000000000000000e+02 1.626071678697915690e-01
9.540000000000000000e+02 1.619881653197639271e-01
9.550000000000000000e+02 1.613708736642047725e-01
9.560000000000000000e+02 1.607552913122872185e-01
9.570000000000000000e+02 1.601414166587772636e-01
9.580000000000000000e+02 1.595292480841143945e-01
9.590000000000000000e+02 1.589187839544922154e-01
9.600000000000000000e+02 1.583100226219387729e-01
9.610000000000000000e+02 1.577029624243973527e-01
9.620000000000000000e+02 1.570976016858069146e-01
9.630000000000000000e+02 1.564939387161824458e-01
9.640000000000000000e+02 1.558919718116954234e-01
9.650000000000000000e+02 1.552916992547543340e-01
9.660000000000000000e+02 1.546931193140849148e-01
9.670000000000000000e+02 1.540962302448105337e-01
9.680000000000000000e+02 1.535010302885325140e-01
9.690000000000000000e+02 1.529075176734103203e-01
9.700000000000000000e+02 1.523156906142419387e-01
9.710000000000000000e+02 1.517255473125437293e-01
9.720000000000000000e+02 1.511370859566309455e-01
9.730000000000000000e+02 1.505503047216974200e-01
9.740000000000000000e+02 1.499652017698959727e-01
9.750000000000000000e+02 1.493817752504180141e-01
9.760000000000000000e+02 1.488000232995738970e-01
9.770000000000000000e+02 1.482199440408723257e-01
9.780000000000000000e+02 1.476415355851005418e-01
9.790000000000000000e+02 1.470647960304039548e-01
9.800000000000000000e+02 1.464897234623657729e-01
9.810000000000000000e+02 1.459163159540868004e-01
9.820000000000000000e+02 1.453445715662648741e-01
9.830000000000000000e+02 1.447744883472744382e-01
9.840000000000000000e+02 1.442060643332460090e-01
9.850000000000000000e+02 1.436392975481456113e-01
9.860000000000000000e+02 1.430741860038539370e-01
9.870000000000000000e+02 1.425107277002457262e-01
9.880000000000000000e+02 1.419489206252688707e-01
9.890000000000000000e+02 1.413887627550236004e-01
9.900000000000000000e+02 1.408302520538414204e-01
9.910000000000000000e+02 1.402733864743640202e-01
9.920000000000000000e+02 1.397181639576223211e-01
9.930000000000000000e+02 1.391645824331151360e-01
9.940000000000000000e+02 1.386126398188877729e-01
9.950000000000000000e+02 1.380623340216109163e-01
9.960000000000000000e+02 1.375136629366590368e-01
9.970000000000000000e+02 1.369666244481887174e-01
9.980000000000000000e+02 1.364212164292173124e-01
9.990000000000000000e+02 1.358774367417008855e-01
1.000000000000000000e+03 1.353352832366127023e-01
1.001000000000000000e+03 1.347947537540211127e-01
1.002000000000000000e+03 1.342558461231676825e-01
1.003000000000000000e+03 1.337185581625449649e-01
1.004000000000000000e+03 1.331828876799744654e-01
1.005000000000000000e+03 1.326488324726843027e-01
1.006000000000000000e+03 1.321163903273866458e-01
1.007000000000000000e+03 1.315855590203554859e-01
1.008000000000000000e+03 1.310563363175039076e-01
1.009000000000000000e+03 1.305287199744614157e-01
1.010000000000000000e+03 1.300027077366510964e-01
1.011000000000000000e+03 1.294782973393666936e-01
1.012000000000000000e+03 1.289554865078497703e-01
1.013000000000000000e+03 1.284342729573662301e-01
1.014000000000000000e+03 1.279146543932835611e-01
1.015000000000000000e+03 1.273966285111470531e-01
1.016000000000000000e+03 1.268801929967564024e-01
1.017000000000000000e+03 1.263653455262424286e-01
1.018000000000000000e+03 1.258520837661430414e-01
1.019000000000000000e+03 1.253404053734795687e-01
1.020000000000000000e+03 1.248303079958328898e-01
1.021000000000000000e+03 1.243217892714191669e-01
1.022000000000000000e+03 1.238148468291658671e-01
1.023000000000000000e+03 1.233094782887873969e-01
1.024000000000000000e+03 1.228056812608607079e-01
1.025000000000000000e+03 1.223034533469006119e-01
1.026000000000000000e+03 1.218027921394352481e-01
1.027000000000000000e+03 1.213036952220812315e-01
1.028000000000000000e+03 1.208061601696187592e-01
1.029000000000000000e+03 1.203101845480664123e-01
1.030000000000000000e+03 1.198157659147560533e-01
1.031000000000000000e+03 1.193229018184075035e-01
1.032000000000000000e+03 1.188315897992031078e-01
1.033000000000000000e+03 1.183418273888619254e-01
1.034000000000000000e+03 1.178536121107142259e-01
1.035000000000000000e+03 1.173669414797754995e-01
1.036000000000000000e+03 1.168818130028205088e-01
1.037000000000000000e+03 1.163982241784569521e-01
1.038000000000000000e+03 1.159161724971993490e-01
1.039000000000000000e+03 1.154356554415425645e-01
1.040000000000000000e+03 1.149566704860350702e-01
1.041000000000000000e+03 1.144792150973524131e-01
1.042000000000000000e+03 1.140032867343701711e-01
1.043000000000000000e+03 1.135288828482370199e-01
1.044000000000000000e+03 1.130560008824475632e-01
1.045000000000000000e+03 1.125846382729148720e-01
1.046000000000000000e+03 1.121147924480431352e-01
1.047000000000000000e+03 1.116464608288000038e-01
1.048000000000000000e+03 1.111796408287887145e-01
1.049000000000000000e+03 1.107143298543202536e-01
1.050000000000000000e+03 1.102505253044852168e-01
1.051000000000000000e+03 1.097882245712256261e-01
1.052000000000000000e+03 1.093274250394063174e-01
1.053000000000000000e+03 1.088681240868866057e-01
1.054000000000000000e+03 1.084103190845914083e-01
1.055000000000000000e+03 1.079540073965824520e-01
1.056000000000000000e+03 1.074991863801291053e-01
1.057000000000000000e+03 1.070458533857792244e-01
1.058000000000000000e+03 1.065940057574298327e-01
1.059000000000000000e+03 1.061436408323974817e-01
1.060000000000000000e+03 1.056947559414885690e-01
1.061000000000000000e+03 1.052473484090694494e-01
1.062000000000000000e+03 1.048014155531364344e-01
1.063000000000000000e+03 1.043569546853855834e-01
1.064000000000000000e+03 1.039139631112822176e-01
1.065000000000000000e+03 1.034724381301304480e-01
1.066000000000000000e+03 1.030323770351425083e-01
1.067000000000000000e+03 1.025937771135076171e-01
1.068000000000000000e+03 1.021566356464612690e-01
1.069000000000000000e+03 1.017209499093536945e-01
1.070000000000000000e+03 1.012867171717184434e-01
1.071000000000000000e+03 1.008539346973410522e-01
1.072000000000000000e+03 1.004225997443269347e-01
1.073000000000000000e+03 9.999270956516967401e-02
1.074000000000000000e+03 9.956426140681880199e-02
1.075000000000000000e+03 9.913725251074738398e-02
1.076000000000000000e+03 9.871168011301972856e-02
1.077000000000000000e+03 9.828754144435854212e-02
1.078000000000000000e+03 9.786483373021222232e-02
1.079000000000000000e+03 9.744355419082158243e-02
1.080000000000000000e+03 9.702370004128697822e-02
1.081000000000000000e+03 9.660526849163458829e-02
1.082000000000000000e+03 9.618825674688286087e-02
1.083000000000000000e+03 9.577266200710894684e-02
1.084000000000000000e+03 9.535848146751450816e-02
1.085000000000000000e+03 9.494571231849170678e-02
1.086000000000000000e+03 9.453435174568863841e-02
1.087000000000000000e+03 9.412439693007518260e-02
1.088000000000000000e+03 9.371584504800793691e-02
1.089000000000000000e+03 9.330869327129533153e-02
1.090000000000000000e+03 9.290293876726279931e-02
1.091000000000000000e+03 9.249857869881714101e-02
1.092000000000000000e+03 9.209561022451125123e-02
1.093000000000000000e+03 9.169403049860833099e-02
1.094000000000000000e+03 9.129383667114611411e-02
1.095000000000000000e+03 9.089502588800060789e-02
1.096000000000000000e+03 9.049759529094998645e-02
1.097000000000000000e+03 9.010154201773812321e-02
1.098000000000000000e+03 8.970686320213776266e-02
1.099000000000000000e+03 8.931355597401384461e-02
1.100000000000000000e+03 8.892161745938634287e-02
1.101000000000000000e+03 8.853104478049303450e-02
1.102000000000000000e+03 8.814183505585208855e-02
1.103000000000000000e+03 8.775398540032425254e-02
1.104000000000000000e+03 8.736749292517519139e-02
1.105000000000000000e+03 8.698235473813720198e-02
1.106000000000000000e+03 8.659856794347123299e-02
1.107000000000000000e+03 8.621612964202814144e-02
1.108000000000000000e+03 8.583503693131018519e-02
1.109000000000000000e+03 8.545528690553209905e-02
1.110000000000000000e+03 8.507687665568200441e-02
1.111000000000000000e+03 8.469980326958213845e-02
1.112000000000000000e+03 8.432406383194937516e-02
1.113000000000000000e+03 8.394965542445555207e-02
1.114000000000000000e+03 8.357657512578749170e-02
1.115000000000000000e+03 8.320482001170692588e-02
1.116000000000000000e+03 8.283438715511025341e-02
1.117000000000000000e+03 8.246527362608785383e-02
1.118000000000000000e+03 8.209747649198356756e-02
1.119000000000000000e+03 8.173099281745356548e-02
1.120000000000000000e+03 8.136581966452530179e-02
1.121000000000000000e+03 8.100195409265605051e-02
1.122000000000000000e+03 8.063939315879145586e-02
1.123000000000000000e+03 8.027813391742368021e-02
1.124000000000000000e+03 7.991817342064939933e-02
1.125000000000000000e+03 7.955950871822768666e-02
1.126000000000000000e+03 7.920213685763739797e-02
1.127000000000000000e+03 7.884605488413473640e-02
1.128000000000000000e+03 7.849125984081035956e-02
1.129000000000000000e+03 7.813774876864619523e-02
1.130000000000000000e+03 7.778551870657231249e-02
1.131000000000000000e+03 7.743456669152339045e-02
1.132000000000000000e+03 7.708488975849503433e-02
1.133000000000000000e+03 7.673648494059971681e-02
1.134000000000000000e+03 7.638934926912291368e-02
1.135000000000000000e+03 7.604347977357851784e-02
1.136000000000000000e+03 7.569887348176428110e-02
1.137000000000000000e+03 7.535552741981725589e-02
1.138000000000000000e+03 7.501343861226851539e-02
1.139000000000000000e+03 7.467260408209815126e-02
1.140000000000000000e+03 7.433302085078964672e-02
1.141000000000000000e+03 7.399468593838445796e-02
1.142000000000000000e+03 7.365759636353591544e-02
1.143000000000000000e+03 7.332174914356330564e-02
1.144000000000000000e+03 7.298714129450542543e-02
1.145000000000000000e+03 7.265376983117410870e-02
1.146000000000000000e+03 7.232163176720761422e-02
1.147000000000000000e+03 7.199072411512337510e-02
1.148000000000000000e+03 7.166104388637108136e-02
1.149000000000000000e+03 7.133258809138512402e-02
1.150000000000000000e+03 7.100535373963698382e-02
1.151000000000000000e+03 7.067933783968746719e-02
1.152000000000000000e+03 7.035453739923849814e-02
1.153000000000000000e+03 7.003094942518499344e-02
1.154000000000000000e+03 6.970857092366623819e-02
1.155000000000000000e+03 6.938739890011708100e-02
1.156000000000000000e+03 6.906743035931922625e-02
1.157000000000000000e+03 6.874866230545180479e-02
1.158000000000000000e+03 6.843109174214212498e-02
1.159000000000000000e+03 6.811471567251597969e-02
1.160000000000000000e+03 6.779953109924782839e-02
1.161000000000000000e+03 6.748553502461072939e-02
1.162000000000000000e+03 6.717272445052603624e-02
1.163000000000000000e+03 6.686109637861292754e-02
1.164000000000000000e+03 6.655064781023756204e-02
1.165000000000000000e+03 6.624137574656233096e-02
1.166000000000000000e+03 6.593327718859437470e-02
1.167000000000000000e+03 6.562634913723446040e-02
1.168000000000000000e+03 6.532058859332513789e-02
1.169000000000000000e+03 6.501599255769910379e-02
1.170000000000000000e+03 6.471255803122683004e-02
1.171000000000000000e+03 6.441028201486458105e-02
1.172000000000000000e+03 6.410916150970161209e-02
1.173000000000000000e+03 6.380919351700760356e-02
1.174000000000000000e+03 6.351037503827959563e-02
1.175000000000000000e+03 6.321270307528885357e-02
1.176000000000000000e+03 6.291617463012731670e-02
1.177000000000000000e+03 6.262078670525411672e-02
1.178000000000000000e+03 6.232653630354156871e-02
1.179000000000000000e+03 6.203342042832111353e-02
1.180000000000000000e+03 6.174143608342907291e-02
1.181000000000000000e+03 6.145058027325198818e-02
1.182000000000000000e+03 6.116085000277182715e-02
1.183000000000000000e+03 6.087224227761117712e-02
1.184000000000000000e+03 6.058475410407779260e-02
1.185000000000000000e+03 6.029838248920928873e-02
1.186000000000000000e+03 6.001312444081745301e-02
1.187000000000000000e+03 5.972897696753227265e-02
1.188000000000000000e+03 5.944593707884587852e-02
1.189000000000000000e+03 5.916400178515619779e-02
1.190000000000000000e+03 5.888316809781037747e-02
1.191000000000000000e+03 5.860343302914791663e-02
1.192000000000000000e+03 5.832479359254381934e-02
1.193000000000000000e+03 5.804724680245107460e-02
1.194000000000000000e+03 5.777078967444349011e-02
1.195000000000000000e+03 5.749541922525772814e-02
1.196000000000000000e+03 5.722113247283565352e-02
1.197000000000000000e+03 5.694792643636586993e-02
1.198000000000000000e+03 5.667579813632565855e-02
1.199000000000000000e+03 5.640474459452217426e-02
1.200000000000000000e+03 5.613476283413372514e-02
1.201000000000000000e+03 5.586584987975070499e-02
1.202000000000000000e+03 5.559800275741634545e-02
1.203000000000000000e+03 5.533121849466716979e-02
1.204000000000000000e+03 5.506549412057333559e-02
1.205000000000000000e+03 5.480082666577869299e-02
1.206000000000000000e+03 5.453721316254055845e-02
1.207000000000000000e+03 5.427465064476944684e-02
1.208000000000000000e+03 5.401313614806835944e-02
1.209000000000000000e+03 5.375266670977193323e-02
1.210000000000000000e+03 5.349323936898552762e-02
1.211000000000000000e+03 5.323485116662379779e-02
1.212000000000000000e+03 5.297749914544925415e-02
1.213000000000000000e+03 5.272118035011057191e-02
1.214000000000000000e+03 5.246589182718053301e-02
1.215000000000000000e+03 5.221163062519405124e-02
1.216000000000000000e+03 5.195839379468549651e-02
1.217000000000000000e+03 5.170617838822637313e-02
1.218000000000000000e+03 5.145498146046232485e-02
1.219000000000000000e+03 5.120480006815007756e-02
1.220000000000000000e+03 5.095563127019422933e-02
1.221000000000000000e+03 5.070747212768364487e-02
1.222000000000000000e+03 5.046031970392789168e-02
1.223000000000000000e+03 5.021417106449314188e-02
1.224000000000000000e+03 4.996902327723812265e-02
1.225000000000000000e+03 4.972487341234960168e-02
1.226000000000000000e+03 4.948171854237797679e-02
1.227000000000000000e+03 4.923955574227227572e-02
1.228000000000000000e+03 4.899838208941515588e-02
1.229000000000000000e+03 4.875819466365774457e-02
1.230000000000000000e+03 4.851899054735400035e-02
1.231000000000000000e+03 4.828076682539512304e-02
1.232000000000000000e+03 4.804352058524359592e-02
1.233000000000000000e+03 4.780724891696706835e-02
1.234000000000000000e+03 4.757194891327192615e-02
1.235000000000000000e+03 4.733761766953681338e-02
1.236000000000000000e+03 4.710425228384580026e-02
1.237000000000000000e+03 4.687184985702133599e-02
1.238000000000000000e+03 4.664040749265706970e-02
1.239000000000000000e+03 4.640992229715037998e-02
1.240000000000000000e+03 4.618039137973475178e-02
1.241000000000000000e+03 4.595181185251186184e-02
1.242000000000000000e+03 4.572418083048346987e-02
1.243000000000000000e+03 4.549749543158317089e-02
1.244000000000000000e+03 4.527175277670777293e-02
1.245000000000000000e+03 4.504694998974869552e-02
1.246000000000000000e+03 4.482308419762288249e-02
1.247000000000000000e+03 4.460015253030370774e-02
1.248000000000000000e+03 4.437815212085158972e-02
1.249000000000000000e+03 4.415708010544434209e-02
1.250000000000000000e+03 4.393693362340742037e-02
1.251000000000000000e+03 4.371770981724385635e-02
1.252000000000000000e+03 4.349940583266409533e-02
1.253000000000000000e+03 4.328201881861543782e-02
1.254000000000000000e+03 4.306554592731144659e-02
1.255000000000000000e+03 4.284998431426110393e-02
1.256000000000000000e+03 4.263533113829760801e-02
1.257000000000000000e+03 4.242158356160724564e-02
1.258000000000000000e+03 4.220873874975774459e-02
1.259000000000000000e+03 4.199679387172664674e-02
1.260000000000000000e+03 4.178574609992929262e-02
1.261000000000000000e+03 4.157559261024678515e-02
1.262000000000000000e+03 4.136633058205358565e-02
1.263000000000000000e+03 4.115795719824498489e-02
1.264000000000000000e+03 4.095046964526435213e-02
1.265000000000000000e+03 4.074386511313009274e-02
1.266000000000000000e+03 4.053814079546257110e-02
1.267000000000000000e+03 4.033329388951068656e-02
1.268000000000000000e+03 4.012932159617822736e-02
1.269000000000000000e+03 3.992622112005017598e-02
1.270000000000000000e+03 3.972398966941861898e-02
1.271000000000000000e+03 3.952262445630861515e-02
1.272000000000000000e+03 3.932212269650368214e-02
1.273000000000000000e+03 3.912248160957130377e-02
1.274000000000000000e+03 3.892369841888800724e-02
1.275000000000000000e+03 3.872577035166435006e-02
1.276000000000000000e+03 3.852869463896976127e-02
1.277000000000000000e+03 3.833246851575702191e-02
1.278000000000000000e+03 3.813708922088669684e-02
1.279000000000000000e+03 3.794255399715121962e-02
1.280000000000000000e+03 3.774886009129897746e-02
1.281000000000000000e+03 3.755600475405796584e-02
1.282000000000000000e+03 3.736398524015933920e-02
1.283000000000000000e+03 3.717279880836089206e-02
1.284000000000000000e+03 3.698244272147008238e-02
1.285000000000000000e+03 3.679291424636706859e-02
1.286000000000000000e+03 3.660421065402745533e-02
1.287000000000000000e+03 3.641632921954487956e-02
1.288000000000000000e+03 3.622926722215331213e-02
1.289000000000000000e+03 3.604302194524928310e-02
1.290000000000000000e+03 3.585759067641385717e-02
1.291000000000000000e+03 3.567297070743434551e-02
1.292000000000000000e+03 3.548915933432598979e-02
1.293000000000000000e+03 3.530615385735325074e-02
1.294000000000000000e+03 3.512395158105101334e-02
1.295000000000000000e+03 3.494254981424564643e-02
1.296000000000000000e+03 3.476194587007573611e-02
1.297000000000000000e+03 3.458213706601270115e-02
1.298000000000000000e+03 3.440312072388125586e-02
1.299000000000000000e+03 3.422489416987957445e-02
1.300000000000000000e+03 3.404745473459934446e-02
1.301000000000000000e+03 3.387079975304561896e-02
1.302000000000000000e+03 3.369492656465644664e-02
1.303000000000000000e+03 3.351983251332234237e-02
1.304000000000000000e+03 3.334551494740552180e-02
1.305000000000000000e+03 3.317197121975904578e-02
1.306000000000000000e+03 3.299919868774564558e-02
1.307000000000000000e+03 3.282719471325645094e-02
1.308000000000000000e+03 3.265595666272951003e-02
1.309000000000000000e+03 3.248548190716809420e-02
1.310000000000000000e+03 3.231576782215889176e-02
1.311000000000000000e+03 3.214681178788988264e-02
1.312000000000000000e+03 3.197861118916815043e-02
1.313000000000000000e+03 3.181116341543747950e-02
1.314000000000000000e+03 3.164446586079575768e-02
1.315000000000000000e+03 3.147851592401211540e-02
1.316000000000000000e+03 3.131331100854405775e-02
1.317000000000000000e+03 3.114884852255426009e-02
1.318000000000000000e+03 3.098512587892723533e-02
1.319000000000000000e+03 3.082214049528583105e-02
1.320000000000000000e+03 3.065988979400752906e-02
1.321000000000000000e+03 3.049837120224057480e-02
1.322000000000000000e+03 3.033758215191992638e-02
1.323000000000000000e+03 3.017752007978298512e-02
1.324000000000000000e+03 3.001818242738520798e-02
1.325000000000000000e+03 2.985956664111553277e-02
1.326000000000000000e+03 2.970167017221155351e-02
1.327000000000000000e+03 2.954449047677461249e-02
1.328000000000000000e+03 2.938802501578467383e-02
1.329000000000000000e+03 2.923227125511502003e-02
1.330000000000000000e+03 2.907722666554674734e-02
1.331000000000000000e+03 2.892288872278315701e-02
1.332000000000000000e+03 2.876925490746389674e-02
1.333000000000000000e+03 2.861632270517900853e-02
1.334000000000000000e+03 2.846408960648268149e-02
1.335000000000000000e+03 2.831255310690697011e-02
1.336000000000000000e+03 2.816171070697525911e-02
1.337000000000000000e+03 2.801155991221558617e-02
1.338000000000000000e+03 2.786209823317374254e-02
1.339000000000000000e+03 2.771332318542629389e-02
1.340000000000000000e+03 2.756523228959335131e-02
1.341000000000000000e+03 2.741782307135123484e-02
1.342000000000000000e+03 2.727109306144489403e-02
1.343000000000000000e+03 2.712503979570024190e-02
1.344000000000000000e+03 2.697966081503627364e-02
1.345000000000000000e+03 2.683495366547700503e-02
1.346000000000000000e+03 2.669091589816333446e-02
1.347000000000000000e+03 2.654754506936460659e-02
1.348000000000000000e+03 2.640483874049008584e-02
1.349000000000000000e+03 2.626279447810032572e-02
1.350000000000000000e+03 2.612140985391823295e-02
1.351000000000000000e+03 2.598068244484007944e-02
1.352000000000000000e+03 2.584060983294632005e-02
1.353000000000000000e+03 2.570118960551222298e-02
1.354000000000000000e+03 2.556241935501837870e-02
1.355000000000000000e+03 2.542429667916103891e-02
1.356000000000000000e+03 2.528681918086227512e-02
1.357000000000000000e+03 2.514998446827998099e-02
1.358000000000000000e+03 2.501379015481774645e-02
1.359000000000000000e+03 2.487823385913455129e-02
1.360000000000000000e+03 2.474331320515429922e-02
1.361000000000000000e+03 2.460902582207517841e-02
1.362000000000000000e+03 2.447536934437895967e-02
1.363000000000000000e+03 2.434234141183994060e-02
1.364000000000000000e+03 2.420993966953400786e-02
1.365000000000000000e+03 2.407816176784728299e-02
1.366000000000000000e+03 2.394700536248478909e-02
1.367000000000000000e+03 2.381646811447888853e-02
1.368000000000000000e+03 2.368654769019760964e-02
1.369000000000000000e+03 2.355724176135274434e-02
1.370000000000000000e+03 2.342854800500789730e-02
1.371000000000000000e+03 2.330046410358632691e-02
1.372000000000000000e+03 2.317298774487860924e-02
1.373000000000000000e+03 2.304611662205025696e-02
1.374000000000000000e+03 2.291984843364905031e-02
1.375000000000000000e+03 2.279418088361234371e-02
1.376000000000000000e+03 2.266911168127413653e-02
1.377000000000000000e+03 2.254463854137204668e-02
1.378000000000000000e+03 2.242075918405414189e-02
1.379000000000000000e+03 2.229747133488560115e-02
1.380000000000000000e+03 2.217477272485519554e-02
1.381000000000000000e+03 2.205266109038175534e-02
1.382000000000000000e+03 2.193113417332033868e-02
1.383000000000000000e+03 2.181018972096831696e-02
1.384000000000000000e+03 2.168982548607140473e-02
1.385000000000000000e+03 2.157003922682938779e-02
1.386000000000000000e+03 2.145082870690185120e-02
1.387000000000000000e+03 2.133219169541365062e-02
1.388000000000000000e+03 2.121412596696037323e-02
1.389000000000000000e+03 2.109662930161353492e-02
1.390000000000000000e+03 2.097969948492571859e-02
1.391000000000000000e+03 2.086333430793552504e-02
1.392000000000000000e+03 2.074753156717245792e-02
1.393000000000000000e+03 2.063228906466156934e-02
1.394000000000000000e+03 2.051760460792808119e-02
1.395000000000000000e+03 2.040347601000175315e-02
1.396000000000000000e+03 2.028990108942123685e-02
1.397000000000000000e+03 2.017687767023823922e-02
1.398000000000000000e+03 2.006440358202147764e-02
1.399000000000000000e+03 1.995247665986068716e-02
1.400000000000000000e+03 1.984109474437028772e-02
1.401000000000000000e+03 1.973025568169308602e-02
1.402000000000000000e+03 1.961995732350374846e-02
1.403000000000000000e+03 1.951019752701216650e-02
1.404000000000000000e+03 1.940097415496674915e-02
1.405000000000000000e+03 1.929228507565748651e-02
1.406000000000000000e+03 1.918412816291894391e-02
1.407000000000000000e+03 1.907650129613316925e-02
1.408000000000000000e+03 1.896940236023237150e-02
1.409000000000000000e+03 1.886282924570156436e-02
1.410000000000000000e+03 1.875677984858103997e-02
1.411000000000000000e+03 1.865125207046871778e-02
1.412000000000000000e+03 1.854624381852238227e-02
1.413000000000000000e+03 1.844175300546180632e-02
1.414000000000000000e+03 1.833777754957073916e-02
1.415000000000000000e+03 1.823431537469873479e-02
1.416000000000000000e+03 1.813136441026295259e-02
1.417000000000000000e+03 1.802892259124974986e-02
1.418000000000000000e+03 1.792698785821615626e-02
1.419000000000000000e+03 1.782555815729133103e-02
1.420000000000000000e+03 1.772463144017776687e-02
1.421000000000000000e+03 1.762420566415243486e-02
1.422000000000000000e+03 1.752427879206787040e-02
1.423000000000000000e+03 1.742484879235300932e-02
1.424000000000000000e+03 1.732591363901406917e-02
1.425000000000000000e+03 1.722747131163510775e-02
1.426000000000000000e+03 1.712951979537874828e-02
1.427000000000000000e+03 1.703205708098646382e-02
1.428000000000000000e+03 1.693508116477902489e-02
1.429000000000000000e+03 1.683859004865669723e-02
1.430000000000000000e+03 1.674258174009933195e-02
1.431000000000000000e+03 1.664705425216637599e-02
1.432000000000000000e+03 1.655200560349674027e-02
1.433000000000000000e+03 1.645743381830862620e-02
1.434000000000000000e+03 1.636333692639913365e-02
1.435000000000000000e+03 1.626971296314386542e-02
1.436000000000000000e+03 1.617655996949634786e-02
1.437000000000000000e+03 1.608387599198736126e-02
1.438000000000000000e+03 1.599165908272422512e-02
1.439000000000000000e+03 1.589990729938986491e-02
1.440000000000000000e+03 1.580861870524184754e-02
1.441000000000000000e+03 1.571779136911134050e-02
1.442000000000000000e+03 1.562742336540183866e-02
1.443000000000000000e+03 1.553751277408796719e-02
1.444000000000000000e+03 1.544805768071399847e-02
1.445000000000000000e+03 1.535905617639238448e-02
1.446000000000000000e+03 1.527050635780217470e-02
1.447000000000000000e+03 1.518240632718727279e-02
1.448000000000000000e+03 1.509475419235463585e-02
1.449000000000000000e+03 1.500754806667240621e-02
1.450000000000000000e+03 1.492078606906784184e-02
1.451000000000000000e+03 1.483446632402527290e-02
1.452000000000000000e+03 1.474858696158385524e-02
1.453000000000000000e+03 1.466314611733526320e-02
1.454000000000000000e+03 1.457814193242132871e-02
1.455000000000000000e+03 1.449357255353151200e-02
1.456000000000000000e+03 1.440943613290029957e-02
1.457000000000000000e+03 1.432573082830455695e-02
1.458000000000000000e+03 1.424245480306069421e-02
1.459000000000000000e+03 1.415960622602185394e-02
1.460000000000000000e+03 1.407718327157483039e-02
1.461000000000000000e+03 1.399518411963714994e-02
1.462000000000000000e+03 1.391360695565377510e-02
1.463000000000000000e+03 1.383244997059393695e-02
1.464000000000000000e+03 1.375171136094780096e-02
1.465000000000000000e+03 1.367138932872296112e-02
1.466000000000000000e+03 1.359148208144098785e-02
1.467000000000000000e+03 1.351198783213380938e-02
1.468000000000000000e+03 1.343290479933998555e-02
1.469000000000000000e+03 1.335423120710093302e-02
1.470000000000000000e+03 1.327596528495704475e-02
1.471000000000000000e+03 1.319810526794373828e-02
1.472000000000000000e+03 1.312064939658743115e-02
1.473000000000000000e+03 1.304359591690133074e-02
1.474000000000000000e+03 1.296694308038128483e-02
1.475000000000000000e+03 1.289068914400147078e-02
1.476000000000000000e+03 1.281483237020997375e-02
1.477000000000000000e+03 1.273937102692434403e-02
1.478000000000000000e+03 1.266430338752701223e-02
1.479000000000000000e+03 1.258962773086069395e-02
1.480000000000000000e+03 1.251534234122366959e-02
1.481000000000000000e+03 1.244144550836492197e-02
1.482000000000000000e+03 1.236793552747933282e-02
1.483000000000000000e+03 1.229481069920270939e-02
1.484000000000000000e+03 1.222206932960668083e-02
1.485000000000000000e+03 1.214970973019369530e-02
1.486000000000000000e+03 1.207773021789171168e-02
1.487000000000000000e+03 1.200612911504900411e-02
1.488000000000000000e+03 1.193490474942877216e-02
1.489000000000000000e+03 1.186405545420374588e-02
1.490000000000000000e+03 1.179357956795065894e-02
1.491000000000000000e+03 1.172347543464467498e-02
1.492000000000000000e+03 1.165374140365376364e-02
1.493000000000000000e+03 1.158437582973294300e-02
1.494000000000000000e+03 1.151537707301849081e-02
1.495000000000000000e+03 1.144674349902209329e-02
1.496000000000000000e+03 1.137847347862486896e-02
1.497000000000000000e+03 1.131056538807139432e-02
1.498000000000000000e+03 1.124301760896357846e-02
1.499000000000000000e+03 1.117582852825452222e-02
1.500000000000000000e+03 1.110899653824230608e-02
1.501000000000000000e+03 1.104252003656367755e-02
1.502000000000000000e+03 1.097639742618767948e-02
1.503000000000000000e+03 1.091062711540924726e-02
1.504000000000000000e+03 1.084520751784267059e-02
1.505000000000000000e+03 1.078013705241506748e-02
1.506000000000000000e+03 1.071541414335971595e-02
1.507000000000000000e+03 1.065103722020935631e-02
1.508000000000000000e+03 1.058700471778945863e-02
1.509000000000000000e+03 1.052331507621135157e-02
1.510000000000000000e+03 1.045996674086534413e-02
1.511000000000000000e+03 1.039695816241377989e-02
1.512000000000000000e+03 1.033428779678398877e-02
1.513000000000000000e+03 1.027195410516124237e-02
1.514000000000000000e+03 1.020995555398153572e-02
1.515000000000000000e+03 1.014829061492448017e-02
1.516000000000000000e+03 1.008695776490593256e-02
1.517000000000000000e+03 1.002595548607073013e-02
1.518000000000000000e+03 9.965282265785300672e-03
1.519000000000000000e+03 9.904936596630147666e-03
1.520000000000000000e+03 9.844916976392443023e-03
1.521000000000000000e+03 9.785221908058363074e-03
1.522000000000000000e+03 9.725849899805532120e-03
1.523000000000000000e+03 9.666799464995299435e-03
1.524000000000000000e+03 9.608069122165035364e-03
1.525000000000000000e+03 9.549657395020307721e-03
1.526000000000000000e+03 9.491562812427033896e-03
1.527000000000000000e+03 9.433783908403603480e-03
1.528000000000000000e+03 9.376319222112886390e-03
1.529000000000000000e+03 9.319167297854221918e-03
1.530000000000000000e+03 9.262326685055376554e-03
1.531000000000000000e+03 9.205795938264389050e-03
1.532000000000000000e+03 9.149573617141429360e-03
1.533000000000000000e+03 9.093658286450544831e-03
1.534000000000000000e+03 9.038048516051397710e-03
1.535000000000000000e+03 8.982742880890926332e-03
